Krishna Bakka.
Hashing project code.
This program hashing technique to fill the given data in to a table by using two CRP's.
This table has INCR of 1.

****** HASH TABLE ******

Index    KEY     Probe
  0.     111       3
  1.     111       4
  2.       2       1
  3.       3       1
  4.      -1       0
  5.      -1       0
  6.       6       1
  7.      -1       0
  8.     799       1
  9.     800       1
 10.       9       2
 11.     801       2
 12.       8       5
 13.      12       2
 14.      -1       0
 15.     128       1
 16.     581       1
 17.    1599       1
 18.      17       2
 19.    5103       2
 20.      15       6
 21.      -1       0
 22.      22       1
 23.      -1       0
 24.     702       1
 25.      24       2
 26.    4883       3
 27.     366       1
 28.    5000       1
 29.     932       2
 30.      30       1
 31.     822       1
 32.    1953       1
 33.      33       1
 34.      29       6
 35.    9301       1
 36.     149       1
 37.    1954       5
 38.      38       1
 39.     152       1
 40.      39       2
 41.      40       2
 42.     155       1
 43.    9982       6
 44.    9536       1
 45.      -1       0
 46.      -1       0
 47.      -1       0
 48.      48       1
 49.    2309       1
 50.    3439       2
 51.      49       3
 52.      -1       0
 53.     618       1
 54.    9433       1
 55.      55       1
 56.     734       1
 57.    1975       4
 58.      -1       0
 59.      -1       0
 60.      60       1
 61.    5824       1
 62.    5033       2
 63.     515       1
 64.      61       4
 65.    3337       6
 66.    1309       1
 67.      67       1
 68.      68       1
 69.    2103       1
 70.      69       2
 71.    8998       1
 72.     298       1
 73.      73       1
 74.    1091       1
 75.    2222       1
 76.    2901       1
 77.    8889       3
 78.    9230       2
 79.     190       3
 80.      80       1
 81.      78       4
 82.     308       1
 83.     309       1
 84.    1100       2
 85.     989       1
 86.    1103       1
 87.    9577       3
 88.      88       1
 89.    1206      14
 90.     301      16
 91.     991       5
 92.     290      29
 93.     206       1
 94.     654       6
 95.      -1       0
 96.      -1       0
 97.      -1       0
 98.     550       1
 99.      99       1
100.     211       3
101.      -1       0
102.     102       1
103.     780       2
104.     103       2
105.     557       1
106.    9033       1
107.      -1       0
108.      -1       0
109.     109       1
110.     901       1
111.    5309       1
112.    3388       2

The total probe count is: 231
