2188
2292
2309
743
1104
22
2603
2883
5
8
12
7128
8252
8289
23
28
59
60
157
175
186
290
15
64
67
72
89
90
103
109
308
319
33
43
56
329
541
400
512
111
125
557
591
617
4993
798
809
870
68
71
645
692
702
1111
243
289
1975
2901
939
1145
1226
1599
1691
1801
1844
130
146
744
750
1952
1954
2996
3439
4321
911
923
978
1024
1359
1449
5033
5105
8900
9039
366
525
9344
5111
5409
5834
5840
9577
9932
9936
5898
6190
6301
9130
3388
3437

